1 SP/c1.txt 3600 n 200 0.9 0.2 0.12 0.12 20 A 0.25
1 SP/c1.txt 3600 n 200 0.9 0.2 0.12 0.12 20 A 0.25
1 SP/c1.txt 3600 n 200 0.9 0.2 0.12 0.12 20 A 0.25
1 SP/c1.txt 3600 n 200 0.9 0.2 0.12 0.12 20 A 0.25
1 SP/c1.txt 3600 n 200 0.9 0.2 0.12 0.12 20 A 0.25
1 SP/c1.txt 3600 n 200 0.9 0.2 0.12 0.12 20 A 0.25
1 SP/c1.txt 3600 n 200 0.9 0.2 0.12 0.12 20 A 0.25
1 SP/c1.txt 3600 n 200 0.9 0.2 0.12 0.12 20 A 0.25
1 SP/c1.txt 3600 n 200 0.9 0.2 0.12 0.12 20 A 0.25
1 SP/c1.txt 3600 n 200 0.9 0.2 0.12 0.12 20 A 0.25
1 SP/c2.txt 3600 n 200 0.9 0.2 0.12 0.12 20 A 0.25
1 SP/c2.txt 3600 n 200 0.9 0.2 0.12 0.12 20 A 0.25
1 SP/c2.txt 3600 n 200 0.9 0.2 0.12 0.12 20 A 0.25
1 SP/c2.txt 3600 n 200 0.9 0.2 0.12 0.12 20 A 0.25
1 SP/c2.txt 3600 n 200 0.9 0.2 0.12 0.12 20 A 0.25
1 SP/c2.txt 3600 n 200 0.9 0.2 0.12 0.12 20 A 0.25
1 SP/c2.txt 3600 n 200 0.9 0.2 0.12 0.12 20 A 0.25
1 SP/c2.txt 3600 n 200 0.9 0.2 0.12 0.12 20 A 0.25
1 SP/c2.txt 3600 n 200 0.9 0.2 0.12 0.12 20 A 0.25
1 SP/c2.txt 3600 n 200 0.9 0.2 0.12 0.12 20 A 0.25
1 SP/c3.txt 3600 n 200 0.9 0.2 0.12 0.12 20 A 0.25
1 SP/c3.txt 3600 n 200 0.9 0.2 0.12 0.12 20 A 0.25
1 SP/c3.txt 3600 n 200 0.9 0.2 0.12 0.12 20 A 0.25
1 SP/c3.txt 3600 n 200 0.9 0.2 0.12 0.12 20 A 0.25
1 SP/c3.txt 3600 n 200 0.9 0.2 0.12 0.12 20 A 0.25
1 SP/c3.txt 3600 n 200 0.9 0.2 0.12 0.12 20 A 0.25
1 SP/c3.txt 3600 n 200 0.9 0.2 0.12 0.12 20 A 0.25
1 SP/c3.txt 3600 n 200 0.9 0.2 0.12 0.12 20 A 0.25
1 SP/c3.txt 3600 n 200 0.9 0.2 0.12 0.12 20 A 0.25
1 SP/c3.txt 3600 n 200 0.9 0.2 0.12 0.12 20 A 0.25
1 SP/c4.txt 3600 n 200 0.9 0.2 0.12 0.12 20 A 0.25
1 SP/c4.txt 3600 n 200 0.9 0.2 0.12 0.12 20 A 0.25
1 SP/c4.txt 3600 n 200 0.9 0.2 0.12 0.12 20 A 0.25
1 SP/c4.txt 3600 n 200 0.9 0.2 0.12 0.12 20 A 0.25
1 SP/c4.txt 3600 n 200 0.9 0.2 0.12 0.12 20 A 0.25
1 SP/c4.txt 3600 n 200 0.9 0.2 0.12 0.12 20 A 0.25
1 SP/c4.txt 3600 n 200 0.9 0.2 0.12 0.12 20 A 0.25
1 SP/c4.txt 3600 n 200 0.9 0.2 0.12 0.12 20 A 0.25
1 SP/c4.txt 3600 n 200 0.9 0.2 0.12 0.12 20 A 0.25
1 SP/c4.txt 3600 n 200 0.9 0.2 0.12 0.12 20 A 0.25
1 SP/c5.txt 3600 n 200 0.9 0.2 0.12 0.12 20 A 0.25
1 SP/c5.txt 3600 n 200 0.9 0.2 0.12 0.12 20 A 0.25
1 SP/c5.txt 3600 n 200 0.9 0.2 0.12 0.12 20 A 0.25
1 SP/c5.txt 3600 n 200 0.9 0.2 0.12 0.12 20 A 0.25
1 SP/c5.txt 3600 n 200 0.9 0.2 0.12 0.12 20 A 0.25
1 SP/c5.txt 3600 n 200 0.9 0.2 0.12 0.12 20 A 0.25
1 SP/c5.txt 3600 n 200 0.9 0.2 0.12 0.12 20 A 0.25
1 SP/c5.txt 3600 n 200 0.9 0.2 0.12 0.12 20 A 0.25
1 SP/c5.txt 3600 n 200 0.9 0.2 0.12 0.12 20 A 0.25
1 SP/c5.txt 3600 n 200 0.9 0.2 0.12 0.12 20 A 0.25
1 SP/c6.txt 3600 n 200 0.9 0.2 0.12 0.12 20 A 0.25
1 SP/c6.txt 3600 n 200 0.9 0.2 0.12 0.12 20 A 0.25
1 SP/c6.txt 3600 n 200 0.9 0.2 0.12 0.12 20 A 0.25
1 SP/c6.txt 3600 n 200 0.9 0.2 0.12 0.12 20 A 0.25
1 SP/c6.txt 3600 n 200 0.9 0.2 0.12 0.12 20 A 0.25
1 SP/c6.txt 3600 n 200 0.9 0.2 0.12 0.12 20 A 0.25
1 SP/c6.txt 3600 n 200 0.9 0.2 0.12 0.12 20 A 0.25
1 SP/c6.txt 3600 n 200 0.9 0.2 0.12 0.12 20 A 0.25
1 SP/c6.txt 3600 n 200 0.9 0.2 0.12 0.12 20 A 0.25
1 SP/c6.txt 3600 n 200 0.9 0.2 0.12 0.12 20 A 0.25
1 SP/c7.txt 3600 n 200 0.9 0.2 0.12 0.12 20 A 0.25
1 SP/c7.txt 3600 n 200 0.9 0.2 0.12 0.12 20 A 0.25
1 SP/c7.txt 3600 n 200 0.9 0.2 0.12 0.12 20 A 0.25
1 SP/c7.txt 3600 n 200 0.9 0.2 0.12 0.12 20 A 0.25
1 SP/c7.txt 3600 n 200 0.9 0.2 0.12 0.12 20 A 0.25
1 SP/c7.txt 3600 n 200 0.9 0.2 0.12 0.12 20 A 0.25
1 SP/c7.txt 3600 n 200 0.9 0.2 0.12 0.12 20 A 0.25
1 SP/c7.txt 3600 n 200 0.9 0.2 0.12 0.12 20 A 0.25
1 SP/c7.txt 3600 n 200 0.9 0.2 0.12 0.12 20 A 0.25
1 SP/c7.txt 3600 n 200 0.9 0.2 0.12 0.12 20 A 0.25
1 SP/c8.txt 3600 n 200 0.9 0.2 0.12 0.12 20 A 0.25
1 SP/c8.txt 3600 n 200 0.9 0.2 0.12 0.12 20 A 0.25
1 SP/c8.txt 3600 n 200 0.9 0.2 0.12 0.12 20 A 0.25
1 SP/c8.txt 3600 n 200 0.9 0.2 0.12 0.12 20 A 0.25
1 SP/c8.txt 3600 n 200 0.9 0.2 0.12 0.12 20 A 0.25
1 SP/c8.txt 3600 n 200 0.9 0.2 0.12 0.12 20 A 0.25
1 SP/c8.txt 3600 n 200 0.9 0.2 0.12 0.12 20 A 0.25
1 SP/c8.txt 3600 n 200 0.9 0.2 0.12 0.12 20 A 0.25
1 SP/c8.txt 3600 n 200 0.9 0.2 0.12 0.12 20 A 0.25
1 SP/c8.txt 3600 n 200 0.9 0.2 0.12 0.12 20 A 0.25
1 SP/c9.txt 3600 n 200 0.9 0.2 0.12 0.12 20 A 0.25
1 SP/c9.txt 3600 n 200 0.9 0.2 0.12 0.12 20 A 0.25
1 SP/c9.txt 3600 n 200 0.9 0.2 0.12 0.12 20 A 0.25
1 SP/c9.txt 3600 n 200 0.9 0.2 0.12 0.12 20 A 0.25
1 SP/c9.txt 3600 n 200 0.9 0.2 0.12 0.12 20 A 0.25
1 SP/c9.txt 3600 n 200 0.9 0.2 0.12 0.12 20 A 0.25
1 SP/c9.txt 3600 n 200 0.9 0.2 0.12 0.12 20 A 0.25
1 SP/c9.txt 3600 n 200 0.9 0.2 0.12 0.12 20 A 0.25
1 SP/c9.txt 3600 n 200 0.9 0.2 0.12 0.12 20 A 0.25
1 SP/c9.txt 3600 n 200 0.9 0.2 0.12 0.12 20 A 0.25
1 SP/c10.txt 3600 n 200 0.9 0.2 0.12 0.12 20 A 0.25
1 SP/c10.txt 3600 n 200 0.9 0.2 0.12 0.12 20 A 0.25
1 SP/c10.txt 3600 n 200 0.9 0.2 0.12 0.12 20 A 0.25
1 SP/c10.txt 3600 n 200 0.9 0.2 0.12 0.12 20 A 0.25
1 SP/c10.txt 3600 n 200 0.9 0.2 0.12 0.12 20 A 0.25
1 SP/c10.txt 3600 n 200 0.9 0.2 0.12 0.12 20 A 0.25
1 SP/c10.txt 3600 n 200 0.9 0.2 0.12 0.12 20 A 0.25
1 SP/c10.txt 3600 n 200 0.9 0.2 0.12 0.12 20 A 0.25
1 SP/c10.txt 3600 n 200 0.9 0.2 0.12 0.12 20 A 0.25
1 SP/c10.txt 3600 n 200 0.9 0.2 0.12 0.12 20 A 0.25
1 SP/c11.txt 3600 n 200 0.9 0.2 0.12 0.12 20 A 0.25
1 SP/c11.txt 3600 n 200 0.9 0.2 0.12 0.12 20 A 0.25
1 SP/c11.txt 3600 n 200 0.9 0.2 0.12 0.12 20 A 0.25
1 SP/c11.txt 3600 n 200 0.9 0.2 0.12 0.12 20 A 0.25
1 SP/c11.txt 3600 n 200 0.9 0.2 0.12 0.12 20 A 0.25
1 SP/c11.txt 3600 n 200 0.9 0.2 0.12 0.12 20 A 0.25
1 SP/c11.txt 3600 n 200 0.9 0.2 0.12 0.12 20 A 0.25
1 SP/c11.txt 3600 n 200 0.9 0.2 0.12 0.12 20 A 0.25
1 SP/c11.txt 3600 n 200 0.9 0.2 0.12 0.12 20 A 0.25
1 SP/c11.txt 3600 n 200 0.9 0.2 0.12 0.12 20 A 0.25
1 SP/c12.txt 3600 n 200 0.9 0.2 0.12 0.12 20 A 0.25
1 SP/c12.txt 3600 n 200 0.9 0.2 0.12 0.12 20 A 0.25
1 SP/c12.txt 3600 n 200 0.9 0.2 0.12 0.12 20 A 0.25
1 SP/c12.txt 3600 n 200 0.9 0.2 0.12 0.12 20 A 0.25
1 SP/c12.txt 3600 n 200 0.9 0.2 0.12 0.12 20 A 0.25
1 SP/c12.txt 3600 n 200 0.9 0.2 0.12 0.12 20 A 0.25
1 SP/c12.txt 3600 n 200 0.9 0.2 0.12 0.12 20 A 0.25
1 SP/c12.txt 3600 n 200 0.9 0.2 0.12 0.12 20 A 0.25
1 SP/c12.txt 3600 n 200 0.9 0.2 0.12 0.12 20 A 0.25
1 SP/c12.txt 3600 n 200 0.9 0.2 0.12 0.12 20 A 0.25
1 SP/c13.txt 3600 n 200 0.9 0.2 0.12 0.12 20 A 0.25
1 SP/c13.txt 3600 n 200 0.9 0.2 0.12 0.12 20 A 0.25
1 SP/c13.txt 3600 n 200 0.9 0.2 0.12 0.12 20 A 0.25
1 SP/c13.txt 3600 n 200 0.9 0.2 0.12 0.12 20 A 0.25
1 SP/c13.txt 3600 n 200 0.9 0.2 0.12 0.12 20 A 0.25
1 SP/c13.txt 3600 n 200 0.9 0.2 0.12 0.12 20 A 0.25
1 SP/c13.txt 3600 n 200 0.9 0.2 0.12 0.12 20 A 0.25
1 SP/c13.txt 3600 n 200 0.9 0.2 0.12 0.12 20 A 0.25
1 SP/c13.txt 3600 n 200 0.9 0.2 0.12 0.12 20 A 0.25
1 SP/c13.txt 3600 n 200 0.9 0.2 0.12 0.12 20 A 0.25
1 SP/c14.txt 3600 n 200 0.9 0.2 0.12 0.12 20 A 0.25
1 SP/c14.txt 3600 n 200 0.9 0.2 0.12 0.12 20 A 0.25
1 SP/c14.txt 3600 n 200 0.9 0.2 0.12 0.12 20 A 0.25
1 SP/c14.txt 3600 n 200 0.9 0.2 0.12 0.12 20 A 0.25
1 SP/c14.txt 3600 n 200 0.9 0.2 0.12 0.12 20 A 0.25
1 SP/c14.txt 3600 n 200 0.9 0.2 0.12 0.12 20 A 0.25
1 SP/c14.txt 3600 n 200 0.9 0.2 0.12 0.12 20 A 0.25
1 SP/c14.txt 3600 n 200 0.9 0.2 0.12 0.12 20 A 0.25
1 SP/c14.txt 3600 n 200 0.9 0.2 0.12 0.12 20 A 0.25
1 SP/c14.txt 3600 n 200 0.9 0.2 0.12 0.12 20 A 0.25
1 SP/c15.txt 3600 n 200 0.9 0.2 0.12 0.12 20 A 0.25
1 SP/c15.txt 3600 n 200 0.9 0.2 0.12 0.12 20 A 0.25
1 SP/c15.txt 3600 n 200 0.9 0.2 0.12 0.12 20 A 0.25
1 SP/c15.txt 3600 n 200 0.9 0.2 0.12 0.12 20 A 0.25
1 SP/c15.txt 3600 n 200 0.9 0.2 0.12 0.12 20 A 0.25
1 SP/c15.txt 3600 n 200 0.9 0.2 0.12 0.12 20 A 0.25
1 SP/c15.txt 3600 n 200 0.9 0.2 0.12 0.12 20 A 0.25
1 SP/c15.txt 3600 n 200 0.9 0.2 0.12 0.12 20 A 0.25
1 SP/c15.txt 3600 n 200 0.9 0.2 0.12 0.12 20 A 0.25
1 SP/c15.txt 3600 n 200 0.9 0.2 0.12 0.12 20 A 0.25
1 SP/c16.txt 3600 n 200 0.9 0.2 0.12 0.12 20 A 0.25
1 SP/c16.txt 3600 n 200 0.9 0.2 0.12 0.12 20 A 0.25
1 SP/c16.txt 3600 n 200 0.9 0.2 0.12 0.12 20 A 0.25
1 SP/c16.txt 3600 n 200 0.9 0.2 0.12 0.12 20 A 0.25
1 SP/c16.txt 3600 n 200 0.9 0.2 0.12 0.12 20 A 0.25
1 SP/c16.txt 3600 n 200 0.9 0.2 0.12 0.12 20 A 0.25
1 SP/c16.txt 3600 n 200 0.9 0.2 0.12 0.12 20 A 0.25
1 SP/c16.txt 3600 n 200 0.9 0.2 0.12 0.12 20 A 0.25
1 SP/c16.txt 3600 n 200 0.9 0.2 0.12 0.12 20 A 0.25
1 SP/c16.txt 3600 n 200 0.9 0.2 0.12 0.12 20 A 0.25
1 SP/c17.txt 3600 n 200 0.9 0.2 0.12 0.12 20 A 0.25
1 SP/c17.txt 3600 n 200 0.9 0.2 0.12 0.12 20 A 0.25
1 SP/c17.txt 3600 n 200 0.9 0.2 0.12 0.12 20 A 0.25
1 SP/c17.txt 3600 n 200 0.9 0.2 0.12 0.12 20 A 0.25
1 SP/c17.txt 3600 n 200 0.9 0.2 0.12 0.12 20 A 0.25
1 SP/c17.txt 3600 n 200 0.9 0.2 0.12 0.12 20 A 0.25
1 SP/c17.txt 3600 n 200 0.9 0.2 0.12 0.12 20 A 0.25
1 SP/c17.txt 3600 n 200 0.9 0.2 0.12 0.12 20 A 0.25
1 SP/c17.txt 3600 n 200 0.9 0.2 0.12 0.12 20 A 0.25
1 SP/c17.txt 3600 n 200 0.9 0.2 0.12 0.12 20 A 0.25
1 SP/c18.txt 3600 n 200 0.9 0.2 0.12 0.12 20 A 0.25
1 SP/c18.txt 3600 n 200 0.9 0.2 0.12 0.12 20 A 0.25
1 SP/c18.txt 3600 n 200 0.9 0.2 0.12 0.12 20 A 0.25
1 SP/c18.txt 3600 n 200 0.9 0.2 0.12 0.12 20 A 0.25
1 SP/c18.txt 3600 n 200 0.9 0.2 0.12 0.12 20 A 0.25
1 SP/c18.txt 3600 n 200 0.9 0.2 0.12 0.12 20 A 0.25
1 SP/c18.txt 3600 n 200 0.9 0.2 0.12 0.12 20 A 0.25
1 SP/c18.txt 3600 n 200 0.9 0.2 0.12 0.12 20 A 0.25
1 SP/c18.txt 3600 n 200 0.9 0.2 0.12 0.12 20 A 0.25
1 SP/c18.txt 3600 n 200 0.9 0.2 0.12 0.12 20 A 0.25
1 SP/c19.txt 3600 n 200 0.9 0.2 0.12 0.12 20 A 0.25
1 SP/c19.txt 3600 n 200 0.9 0.2 0.12 0.12 20 A 0.25
1 SP/c19.txt 3600 n 200 0.9 0.2 0.12 0.12 20 A 0.25
1 SP/c19.txt 3600 n 200 0.9 0.2 0.12 0.12 20 A 0.25
1 SP/c19.txt 3600 n 200 0.9 0.2 0.12 0.12 20 A 0.25
1 SP/c19.txt 3600 n 200 0.9 0.2 0.12 0.12 20 A 0.25
1 SP/c19.txt 3600 n 200 0.9 0.2 0.12 0.12 20 A 0.25
1 SP/c19.txt 3600 n 200 0.9 0.2 0.12 0.12 20 A 0.25
1 SP/c19.txt 3600 n 200 0.9 0.2 0.12 0.12 20 A 0.25
1 SP/c19.txt 3600 n 200 0.9 0.2 0.12 0.12 20 A 0.25
1 SP/c20.txt 3600 n 200 0.9 0.2 0.12 0.12 20 A 0.25
1 SP/c20.txt 3600 n 200 0.9 0.2 0.12 0.12 20 A 0.25
1 SP/c20.txt 3600 n 200 0.9 0.2 0.12 0.12 20 A 0.25
1 SP/c20.txt 3600 n 200 0.9 0.2 0.12 0.12 20 A 0.25
1 SP/c20.txt 3600 n 200 0.9 0.2 0.12 0.12 20 A 0.25
1 SP/c20.txt 3600 n 200 0.9 0.2 0.12 0.12 20 A 0.25
1 SP/c20.txt 3600 n 200 0.9 0.2 0.12 0.12 20 A 0.25
1 SP/c20.txt 3600 n 200 0.9 0.2 0.12 0.12 20 A 0.25
1 SP/c20.txt 3600 n 200 0.9 0.2 0.12 0.12 20 A 0.25
1 SP/c20.txt 3600 n 200 0.9 0.2 0.12 0.12 20 A 0.25
1 SP/c21.txt 3600 n 200 0.9 0.2 0.12 0.12 20 A 0.25
1 SP/c21.txt 3600 n 200 0.9 0.2 0.12 0.12 20 A 0.25
1 SP/c21.txt 3600 n 200 0.9 0.2 0.12 0.12 20 A 0.25
1 SP/c21.txt 3600 n 200 0.9 0.2 0.12 0.12 20 A 0.25
1 SP/c21.txt 3600 n 200 0.9 0.2 0.12 0.12 20 A 0.25
1 SP/c21.txt 3600 n 200 0.9 0.2 0.12 0.12 20 A 0.25
1 SP/c21.txt 3600 n 200 0.9 0.2 0.12 0.12 20 A 0.25
1 SP/c21.txt 3600 n 200 0.9 0.2 0.12 0.12 20 A 0.25
1 SP/c21.txt 3600 n 200 0.9 0.2 0.12 0.12 20 A 0.25
1 SP/c21.txt 3600 n 200 0.9 0.2 0.12 0.12 20 A 0.25