2 GT1/OF1.pbm 3600 n 200 0.9 0.2 0.12 0.12 20 A 0.25
2 GT1/OF1.pbm 3600 n 200 0.9 0.2 0.12 0.12 20 A 0.25
2 GT1/OF1.pbm 3600 n 200 0.9 0.2 0.12 0.12 20 A 0.25
2 GT1/OF1.pbm 3600 n 200 0.9 0.2 0.12 0.12 20 A 0.25
2 GT1/OF1.pbm 3600 n 200 0.9 0.2 0.12 0.12 20 A 0.25
2 GT1/OF1.pbm 3600 n 200 0.9 0.2 0.12 0.12 20 A 0.25
2 GT1/OF1.pbm 3600 n 200 0.9 0.2 0.12 0.12 20 A 0.25
2 GT1/OF1.pbm 3600 n 200 0.9 0.2 0.12 0.12 20 A 0.25
2 GT1/OF1.pbm 3600 n 200 0.9 0.2 0.12 0.12 20 A 0.25
2 GT1/OF1.pbm 3600 n 200 0.9 0.2 0.12 0.12 20 A 0.25
2 GT1/OF2.pbm 3600 n 200 0.9 0.2 0.12 0.12 20 A 0.25
2 GT1/OF2.pbm 3600 n 200 0.9 0.2 0.12 0.12 20 A 0.25
2 GT1/OF2.pbm 3600 n 200 0.9 0.2 0.12 0.12 20 A 0.25
2 GT1/OF2.pbm 3600 n 200 0.9 0.2 0.12 0.12 20 A 0.25
2 GT1/OF2.pbm 3600 n 200 0.9 0.2 0.12 0.12 20 A 0.25
2 GT1/OF2.pbm 3600 n 200 0.9 0.2 0.12 0.12 20 A 0.25
2 GT1/OF2.pbm 3600 n 200 0.9 0.2 0.12 0.12 20 A 0.25
2 GT1/OF2.pbm 3600 n 200 0.9 0.2 0.12 0.12 20 A 0.25
2 GT1/OF2.pbm 3600 n 200 0.9 0.2 0.12 0.12 20 A 0.25
2 GT1/OF2.pbm 3600 n 200 0.9 0.2 0.12 0.12 20 A 0.25
2 GT1/W.pbm 3600 n 200 0.9 0.2 0.12 0.12 20 A 0.25
2 GT1/W.pbm 3600 n 200 0.9 0.2 0.12 0.12 20 A 0.25
2 GT1/W.pbm 3600 n 200 0.9 0.2 0.12 0.12 20 A 0.25
2 GT1/W.pbm 3600 n 200 0.9 0.2 0.12 0.12 20 A 0.25
2 GT1/W.pbm 3600 n 200 0.9 0.2 0.12 0.12 20 A 0.25
2 GT1/W.pbm 3600 n 200 0.9 0.2 0.12 0.12 20 A 0.25
2 GT1/W.pbm 3600 n 200 0.9 0.2 0.12 0.12 20 A 0.25
2 GT1/W.pbm 3600 n 200 0.9 0.2 0.12 0.12 20 A 0.25
2 GT1/W.pbm 3600 n 200 0.9 0.2 0.12 0.12 20 A 0.25
2 GT1/W.pbm 3600 n 200 0.9 0.2 0.12 0.12 20 A 0.25
2 GT1/CU1.pbm 3600 n 200 0.9 0.2 0.12 0.12 20 A 0.25
2 GT1/CU1.pbm 3600 n 200 0.9 0.2 0.12 0.12 20 A 0.25
2 GT1/CU1.pbm 3600 n 200 0.9 0.2 0.12 0.12 20 A 0.25
2 GT1/CU1.pbm 3600 n 200 0.9 0.2 0.12 0.12 20 A 0.25
2 GT1/CU1.pbm 3600 n 200 0.9 0.2 0.12 0.12 20 A 0.25
2 GT1/CU1.pbm 3600 n 200 0.9 0.2 0.12 0.12 20 A 0.25
2 GT1/CU1.pbm 3600 n 200 0.9 0.2 0.12 0.12 20 A 0.25
2 GT1/CU1.pbm 3600 n 200 0.9 0.2 0.12 0.12 20 A 0.25
2 GT1/CU1.pbm 3600 n 200 0.9 0.2 0.12 0.12 20 A 0.25
2 GT1/CU1.pbm 3600 n 200 0.9 0.2 0.12 0.12 20 A 0.25
2 GT1/CU2.pbm 3600 n 200 0.9 0.2 0.12 0.12 20 A 0.25
2 GT1/CU2.pbm 3600 n 200 0.9 0.2 0.12 0.12 20 A 0.25
2 GT1/CU2.pbm 3600 n 200 0.9 0.2 0.12 0.12 20 A 0.25
2 GT1/CU2.pbm 3600 n 200 0.9 0.2 0.12 0.12 20 A 0.25
2 GT1/CU2.pbm 3600 n 200 0.9 0.2 0.12 0.12 20 A 0.25
2 GT1/CU2.pbm 3600 n 200 0.9 0.2 0.12 0.12 20 A 0.25
2 GT1/CU2.pbm 3600 n 200 0.9 0.2 0.12 0.12 20 A 0.25
2 GT1/CU2.pbm 3600 n 200 0.9 0.2 0.12 0.12 20 A 0.25
2 GT1/CU2.pbm 3600 n 200 0.9 0.2 0.12 0.12 20 A 0.25
2 GT1/CU2.pbm 3600 n 200 0.9 0.2 0.12 0.12 20 A 0.25
2 GT1/CU3.pbm 3600 n 200 0.9 0.2 0.12 0.12 20 A 0.25
2 GT1/CU3.pbm 3600 n 200 0.9 0.2 0.12 0.12 20 A 0.25
2 GT1/CU3.pbm 3600 n 200 0.9 0.2 0.12 0.12 20 A 0.25
2 GT1/CU3.pbm 3600 n 200 0.9 0.2 0.12 0.12 20 A 0.25
2 GT1/CU3.pbm 3600 n 200 0.9 0.2 0.12 0.12 20 A 0.25
2 GT1/CU3.pbm 3600 n 200 0.9 0.2 0.12 0.12 20 A 0.25
2 GT1/CU3.pbm 3600 n 200 0.9 0.2 0.12 0.12 20 A 0.25
2 GT1/CU3.pbm 3600 n 200 0.9 0.2 0.12 0.12 20 A 0.25
2 GT1/CU3.pbm 3600 n 200 0.9 0.2 0.12 0.12 20 A 0.25
2 GT1/CU3.pbm 3600 n 200 0.9 0.2 0.12 0.12 20 A 0.25
2 GT1/CU4.pbm 3600 n 200 0.9 0.2 0.12 0.12 20 A 0.25
2 GT1/CU4.pbm 3600 n 200 0.9 0.2 0.12 0.12 20 A 0.25
2 GT1/CU4.pbm 3600 n 200 0.9 0.2 0.12 0.12 20 A 0.25
2 GT1/CU4.pbm 3600 n 200 0.9 0.2 0.12 0.12 20 A 0.25
2 GT1/CU4.pbm 3600 n 200 0.9 0.2 0.12 0.12 20 A 0.25
2 GT1/CU4.pbm 3600 n 200 0.9 0.2 0.12 0.12 20 A 0.25
2 GT1/CU4.pbm 3600 n 200 0.9 0.2 0.12 0.12 20 A 0.25
2 GT1/CU4.pbm 3600 n 200 0.9 0.2 0.12 0.12 20 A 0.25
2 GT1/CU4.pbm 3600 n 200 0.9 0.2 0.12 0.12 20 A 0.25
2 GT1/CU4.pbm 3600 n 200 0.9 0.2 0.12 0.12 20 A 0.25
2 GT1/CU5.pbm 3600 n 200 0.9 0.2 0.12 0.12 20 A 0.25
2 GT1/CU5.pbm 3600 n 200 0.9 0.2 0.12 0.12 20 A 0.25
2 GT1/CU5.pbm 3600 n 200 0.9 0.2 0.12 0.12 20 A 0.25
2 GT1/CU5.pbm 3600 n 200 0.9 0.2 0.12 0.12 20 A 0.25
2 GT1/CU5.pbm 3600 n 200 0.9 0.2 0.12 0.12 20 A 0.25
2 GT1/CU5.pbm 3600 n 200 0.9 0.2 0.12 0.12 20 A 0.25
2 GT1/CU5.pbm 3600 n 200 0.9 0.2 0.12 0.12 20 A 0.25
2 GT1/CU5.pbm 3600 n 200 0.9 0.2 0.12 0.12 20 A 0.25
2 GT1/CU5.pbm 3600 n 200 0.9 0.2 0.12 0.12 20 A 0.25
2 GT1/CU5.pbm 3600 n 200 0.9 0.2 0.12 0.12 20 A 0.25
2 GT1/CU6.pbm 3600 n 200 0.9 0.2 0.12 0.12 20 A 0.25
2 GT1/CU6.pbm 3600 n 200 0.9 0.2 0.12 0.12 20 A 0.25
2 GT1/CU6.pbm 3600 n 200 0.9 0.2 0.12 0.12 20 A 0.25
2 GT1/CU6.pbm 3600 n 200 0.9 0.2 0.12 0.12 20 A 0.25
2 GT1/CU6.pbm 3600 n 200 0.9 0.2 0.12 0.12 20 A 0.25
2 GT1/CU6.pbm 3600 n 200 0.9 0.2 0.12 0.12 20 A 0.25
2 GT1/CU6.pbm 3600 n 200 0.9 0.2 0.12 0.12 20 A 0.25
2 GT1/CU6.pbm 3600 n 200 0.9 0.2 0.12 0.12 20 A 0.25
2 GT1/CU6.pbm 3600 n 200 0.9 0.2 0.12 0.12 20 A 0.25
2 GT1/CU6.pbm 3600 n 200 0.9 0.2 0.12 0.12 20 A 0.25
2 GT1/CU7.pbm 3600 n 200 0.9 0.2 0.12 0.12 20 A 0.25
2 GT1/CU7.pbm 3600 n 200 0.9 0.2 0.12 0.12 20 A 0.25
2 GT1/CU7.pbm 3600 n 200 0.9 0.2 0.12 0.12 20 A 0.25
2 GT1/CU7.pbm 3600 n 200 0.9 0.2 0.12 0.12 20 A 0.25
2 GT1/CU7.pbm 3600 n 200 0.9 0.2 0.12 0.12 20 A 0.25
2 GT1/CU7.pbm 3600 n 200 0.9 0.2 0.12 0.12 20 A 0.25
2 GT1/CU7.pbm 3600 n 200 0.9 0.2 0.12 0.12 20 A 0.25
2 GT1/CU7.pbm 3600 n 200 0.9 0.2 0.12 0.12 20 A 0.25
2 GT1/CU7.pbm 3600 n 200 0.9 0.2 0.12 0.12 20 A 0.25
2 GT1/CU7.pbm 3600 n 200 0.9 0.2 0.12 0.12 20 A 0.25
2 GT1/CU8.pbm 3600 n 200 0.9 0.2 0.12 0.12 20 A 0.25
2 GT1/CU8.pbm 3600 n 200 0.9 0.2 0.12 0.12 20 A 0.25
2 GT1/CU8.pbm 3600 n 200 0.9 0.2 0.12 0.12 20 A 0.25
2 GT1/CU8.pbm 3600 n 200 0.9 0.2 0.12 0.12 20 A 0.25
2 GT1/CU8.pbm 3600 n 200 0.9 0.2 0.12 0.12 20 A 0.25
2 GT1/CU8.pbm 3600 n 200 0.9 0.2 0.12 0.12 20 A 0.25
2 GT1/CU8.pbm 3600 n 200 0.9 0.2 0.12 0.12 20 A 0.25
2 GT1/CU8.pbm 3600 n 200 0.9 0.2 0.12 0.12 20 A 0.25
2 GT1/CU8.pbm 3600 n 200 0.9 0.2 0.12 0.12 20 A 0.25
2 GT1/CU8.pbm 3600 n 200 0.9 0.2 0.12 0.12 20 A 0.25
2 GT1/CU9.pbm 3600 n 200 0.9 0.2 0.12 0.12 20 A 0.25
2 GT1/CU9.pbm 3600 n 200 0.9 0.2 0.12 0.12 20 A 0.25
2 GT1/CU9.pbm 3600 n 200 0.9 0.2 0.12 0.12 20 A 0.25
2 GT1/CU9.pbm 3600 n 200 0.9 0.2 0.12 0.12 20 A 0.25
2 GT1/CU9.pbm 3600 n 200 0.9 0.2 0.12 0.12 20 A 0.25
2 GT1/CU9.pbm 3600 n 200 0.9 0.2 0.12 0.12 20 A 0.25
2 GT1/CU9.pbm 3600 n 200 0.9 0.2 0.12 0.12 20 A 0.25
2 GT1/CU9.pbm 3600 n 200 0.9 0.2 0.12 0.12 20 A 0.25
2 GT1/CU9.pbm 3600 n 200 0.9 0.2 0.12 0.12 20 A 0.25
2 GT1/CU9.pbm 3600 n 200 0.9 0.2 0.12 0.12 20 A 0.25
2 GT1/CU10.pbm 3600 n 200 0.9 0.2 0.12 0.12 20 A 0.25
2 GT1/CU10.pbm 3600 n 200 0.9 0.2 0.12 0.12 20 A 0.25
2 GT1/CU10.pbm 3600 n 200 0.9 0.2 0.12 0.12 20 A 0.25
2 GT1/CU10.pbm 3600 n 200 0.9 0.2 0.12 0.12 20 A 0.25
2 GT1/CU10.pbm 3600 n 200 0.9 0.2 0.12 0.12 20 A 0.25
2 GT1/CU10.pbm 3600 n 200 0.9 0.2 0.12 0.12 20 A 0.25
2 GT1/CU10.pbm 3600 n 200 0.9 0.2 0.12 0.12 20 A 0.25
2 GT1/CU10.pbm 3600 n 200 0.9 0.2 0.12 0.12 20 A 0.25
2 GT1/CU10.pbm 3600 n 200 0.9 0.2 0.12 0.12 20 A 0.25
2 GT1/CU10.pbm 3600 n 200 0.9 0.2 0.12 0.12 20 A 0.25
2 GT1/CU11.pbm 3600 n 200 0.9 0.2 0.12 0.12 20 A 0.25
2 GT1/CU11.pbm 3600 n 200 0.9 0.2 0.12 0.12 20 A 0.25
2 GT1/CU11.pbm 3600 n 200 0.9 0.2 0.12 0.12 20 A 0.25
2 GT1/CU11.pbm 3600 n 200 0.9 0.2 0.12 0.12 20 A 0.25
2 GT1/CU11.pbm 3600 n 200 0.9 0.2 0.12 0.12 20 A 0.25
2 GT1/CU11.pbm 3600 n 200 0.9 0.2 0.12 0.12 20 A 0.25
2 GT1/CU11.pbm 3600 n 200 0.9 0.2 0.12 0.12 20 A 0.25
2 GT1/CU11.pbm 3600 n 200 0.9 0.2 0.12 0.12 20 A 0.25
2 GT1/CU11.pbm 3600 n 200 0.9 0.2 0.12 0.12 20 A 0.25
2 GT1/CU11.pbm 3600 n 200 0.9 0.2 0.12 0.12 20 A 0.25