2 GT1/OF1.pbm 3600 n 200 0.9 0.2 0.12 0.12 20 A 0.25
2 GT1/OF1.pbm 3600 n 200 0.9 0.2 0.12 0.12 20 A 0.25
2 GT1/OF1.pbm 3600 n 200 0.9 0.2 0.12 0.12 20 A 0.25
2 GT1/OF1.pbm 3600 n 200 0.9 0.2 0.12 0.12 20 A 0.25
2 GT1/OF1.pbm 3600 n 200 0.9 0.2 0.12 0.12 20 A 0.25
2 GT1/OF1.pbm 3600 n 200 0.9 0.2 0.12 0.12 20 A 0.25
2 GT1/OF1.pbm 3600 n 200 0.9 0.2 0.12 0.12 20 A 0.25
2 GT1/OF1.pbm 3600 n 200 0.9 0.2 0.12 0.12 20 A 0.25
2 GT1/OF1.pbm 3600 n 200 0.9 0.2 0.12 0.12 20 A 0.25
2 GT1/OF1.pbm 3600 n 200 0.9 0.2 0.12 0.12 20 A 0.25
2 GT1/CU7.pbm 3600 n 200 0.9 0.2 0.12 0.12 20 A 0.25
2 GT1/CU7.pbm 3600 n 200 0.9 0.2 0.12 0.12 20 A 0.25
2 GT1/CU7.pbm 3600 n 200 0.9 0.2 0.12 0.12 20 A 0.25
2 GT1/CU7.pbm 3600 n 200 0.9 0.2 0.12 0.12 20 A 0.25
2 GT1/CU7.pbm 3600 n 200 0.9 0.2 0.12 0.12 20 A 0.25
2 GT1/CU7.pbm 3600 n 200 0.9 0.2 0.12 0.12 20 A 0.25
2 GT1/CU7.pbm 3600 n 200 0.9 0.2 0.12 0.12 20 A 0.25
2 GT1/CU7.pbm 3600 n 200 0.9 0.2 0.12 0.12 20 A 0.25
2 GT1/CU7.pbm 3600 n 200 0.9 0.2 0.12 0.12 20 A 0.25
2 GT1/CU7.pbm 3600 n 200 0.9 0.2 0.12 0.12 20 A 0.25
2 GT1/CU8.pbm 3600 n 200 0.9 0.2 0.12 0.12 20 A 0.25
2 GT1/CU8.pbm 3600 n 200 0.9 0.2 0.12 0.12 20 A 0.25
2 GT1/CU8.pbm 3600 n 200 0.9 0.2 0.12 0.12 20 A 0.25
2 GT1/CU8.pbm 3600 n 200 0.9 0.2 0.12 0.12 20 A 0.25
2 GT1/CU8.pbm 3600 n 200 0.9 0.2 0.12 0.12 20 A 0.25
2 GT1/CU8.pbm 3600 n 200 0.9 0.2 0.12 0.12 20 A 0.25
2 GT1/CU8.pbm 3600 n 200 0.9 0.2 0.12 0.12 20 A 0.25
2 GT1/CU8.pbm 3600 n 200 0.9 0.2 0.12 0.12 20 A 0.25
2 GT1/CU8.pbm 3600 n 200 0.9 0.2 0.12 0.12 20 A 0.25
2 GT1/CU8.pbm 3600 n 200 0.9 0.2 0.12 0.12 20 A 0.25
