2 GT2/A1S.pbm 3600 n 200 0.9 0.2 0.12 0.12 20 A 0.25
2 GT2/A1S.pbm 3600 n 200 0.9 0.2 0.12 0.12 20 A 0.25
2 GT2/A1S.pbm 3600 n 200 0.9 0.2 0.12 0.12 20 A 0.25
2 GT2/A1S.pbm 3600 n 200 0.9 0.2 0.12 0.12 20 A 0.25
2 GT2/A1S.pbm 3600 n 200 0.9 0.2 0.12 0.12 20 A 0.25
2 GT2/A1S.pbm 3600 n 200 0.9 0.2 0.12 0.12 20 A 0.25
2 GT2/A1S.pbm 3600 n 200 0.9 0.2 0.12 0.12 20 A 0.25
2 GT2/A1S.pbm 3600 n 200 0.9 0.2 0.12 0.12 20 A 0.25
2 GT2/A1S.pbm 3600 n 200 0.9 0.2 0.12 0.12 20 A 0.25
2 GT2/A1S.pbm 3600 n 200 0.9 0.2 0.12 0.12 20 A 0.25
2 GT2/A2S.pbm 3600 n 200 0.9 0.2 0.12 0.12 20 A 0.25
2 GT2/A2S.pbm 3600 n 200 0.9 0.2 0.12 0.12 20 A 0.25
2 GT2/A2S.pbm 3600 n 200 0.9 0.2 0.12 0.12 20 A 0.25
2 GT2/A2S.pbm 3600 n 200 0.9 0.2 0.12 0.12 20 A 0.25
2 GT2/A2S.pbm 3600 n 200 0.9 0.2 0.12 0.12 20 A 0.25
2 GT2/A2S.pbm 3600 n 200 0.9 0.2 0.12 0.12 20 A 0.25
2 GT2/A2S.pbm 3600 n 200 0.9 0.2 0.12 0.12 20 A 0.25
2 GT2/A2S.pbm 3600 n 200 0.9 0.2 0.12 0.12 20 A 0.25
2 GT2/A2S.pbm 3600 n 200 0.9 0.2 0.12 0.12 20 A 0.25
2 GT2/A2S.pbm 3600 n 200 0.9 0.2 0.12 0.12 20 A 0.25
2 GT2/A3.pbm 3600 n 200 0.9 0.2 0.12 0.12 20 A 0.25
2 GT2/A3.pbm 3600 n 200 0.9 0.2 0.12 0.12 20 A 0.25
2 GT2/A3.pbm 3600 n 200 0.9 0.2 0.12 0.12 20 A 0.25
2 GT2/A3.pbm 3600 n 200 0.9 0.2 0.12 0.12 20 A 0.25
2 GT2/A3.pbm 3600 n 200 0.9 0.2 0.12 0.12 20 A 0.25
2 GT2/A3.pbm 3600 n 200 0.9 0.2 0.12 0.12 20 A 0.25
2 GT2/A3.pbm 3600 n 200 0.9 0.2 0.12 0.12 20 A 0.25
2 GT2/A3.pbm 3600 n 200 0.9 0.2 0.12 0.12 20 A 0.25
2 GT2/A3.pbm 3600 n 200 0.9 0.2 0.12 0.12 20 A 0.25
2 GT2/A3.pbm 3600 n 200 0.9 0.2 0.12 0.12 20 A 0.25
2 GT2/A4.pbm 3600 n 200 0.9 0.2 0.12 0.12 20 A 0.25
2 GT2/A4.pbm 3600 n 200 0.9 0.2 0.12 0.12 20 A 0.25
2 GT2/A4.pbm 3600 n 200 0.9 0.2 0.12 0.12 20 A 0.25
2 GT2/A4.pbm 3600 n 200 0.9 0.2 0.12 0.12 20 A 0.25
2 GT2/A4.pbm 3600 n 200 0.9 0.2 0.12 0.12 20 A 0.25
2 GT2/A4.pbm 3600 n 200 0.9 0.2 0.12 0.12 20 A 0.25
2 GT2/A4.pbm 3600 n 200 0.9 0.2 0.12 0.12 20 A 0.25
2 GT2/A4.pbm 3600 n 200 0.9 0.2 0.12 0.12 20 A 0.25
2 GT2/A4.pbm 3600 n 200 0.9 0.2 0.12 0.12 20 A 0.25
2 GT2/A4.pbm 3600 n 200 0.9 0.2 0.12 0.12 20 A 0.25
2 GT2/A5.pbm 3600 n 200 0.9 0.2 0.12 0.12 20 A 0.25
2 GT2/A5.pbm 3600 n 200 0.9 0.2 0.12 0.12 20 A 0.25
2 GT2/A5.pbm 3600 n 200 0.9 0.2 0.12 0.12 20 A 0.25
2 GT2/A5.pbm 3600 n 200 0.9 0.2 0.12 0.12 20 A 0.25
2 GT2/A5.pbm 3600 n 200 0.9 0.2 0.12 0.12 20 A 0.25
2 GT2/A5.pbm 3600 n 200 0.9 0.2 0.12 0.12 20 A 0.25
2 GT2/A5.pbm 3600 n 200 0.9 0.2 0.12 0.12 20 A 0.25
2 GT2/A5.pbm 3600 n 200 0.9 0.2 0.12 0.12 20 A 0.25
2 GT2/A5.pbm 3600 n 200 0.9 0.2 0.12 0.12 20 A 0.25
2 GT2/A5.pbm 3600 n 200 0.9 0.2 0.12 0.12 20 A 0.25
2 GT2/CHL1s.pbm 3600 n 200 0.9 0.2 0.12 0.12 20 A 0.25
2 GT2/CHL1s.pbm 3600 n 200 0.9 0.2 0.12 0.12 20 A 0.25
2 GT2/CHL1s.pbm 3600 n 200 0.9 0.2 0.12 0.12 20 A 0.25
2 GT2/CHL1s.pbm 3600 n 200 0.9 0.2 0.12 0.12 20 A 0.25
2 GT2/CHL1s.pbm 3600 n 200 0.9 0.2 0.12 0.12 20 A 0.25
2 GT2/CHL1s.pbm 3600 n 200 0.9 0.2 0.12 0.12 20 A 0.25
2 GT2/CHL1s.pbm 3600 n 200 0.9 0.2 0.12 0.12 20 A 0.25
2 GT2/CHL1s.pbm 3600 n 200 0.9 0.2 0.12 0.12 20 A 0.25
2 GT2/CHL1s.pbm 3600 n 200 0.9 0.2 0.12 0.12 20 A 0.25
2 GT2/CHL1s.pbm 3600 n 200 0.9 0.2 0.12 0.12 20 A 0.25
2 GT2/CHL2s.pbm 3600 n 200 0.9 0.2 0.12 0.12 20 A 0.25
2 GT2/CHL2s.pbm 3600 n 200 0.9 0.2 0.12 0.12 20 A 0.25
2 GT2/CHL2s.pbm 3600 n 200 0.9 0.2 0.12 0.12 20 A 0.25
2 GT2/CHL2s.pbm 3600 n 200 0.9 0.2 0.12 0.12 20 A 0.25
2 GT2/CHL2s.pbm 3600 n 200 0.9 0.2 0.12 0.12 20 A 0.25
2 GT2/CHL2s.pbm 3600 n 200 0.9 0.2 0.12 0.12 20 A 0.25
2 GT2/CHL2s.pbm 3600 n 200 0.9 0.2 0.12 0.12 20 A 0.25
2 GT2/CHL2s.pbm 3600 n 200 0.9 0.2 0.12 0.12 20 A 0.25
2 GT2/CHL2s.pbm 3600 n 200 0.9 0.2 0.12 0.12 20 A 0.25
2 GT2/CHL2s.pbm 3600 n 200 0.9 0.2 0.12 0.12 20 A 0.25
2 GT2/CHL3s.pbm 3600 n 200 0.9 0.2 0.12 0.12 20 A 0.25
2 GT2/CHL3s.pbm 3600 n 200 0.9 0.2 0.12 0.12 20 A 0.25
2 GT2/CHL3s.pbm 3600 n 200 0.9 0.2 0.12 0.12 20 A 0.25
2 GT2/CHL3s.pbm 3600 n 200 0.9 0.2 0.12 0.12 20 A 0.25
2 GT2/CHL3s.pbm 3600 n 200 0.9 0.2 0.12 0.12 20 A 0.25
2 GT2/CHL3s.pbm 3600 n 200 0.9 0.2 0.12 0.12 20 A 0.25
2 GT2/CHL3s.pbm 3600 n 200 0.9 0.2 0.12 0.12 20 A 0.25
2 GT2/CHL3s.pbm 3600 n 200 0.9 0.2 0.12 0.12 20 A 0.25
2 GT2/CHL3s.pbm 3600 n 200 0.9 0.2 0.12 0.12 20 A 0.25
2 GT2/CHL3s.pbm 3600 n 200 0.9 0.2 0.12 0.12 20 A 0.25
2 GT2/CHL4s.pbm 3600 n 200 0.9 0.2 0.12 0.12 20 A 0.25
2 GT2/CHL4s.pbm 3600 n 200 0.9 0.2 0.12 0.12 20 A 0.25
2 GT2/CHL4s.pbm 3600 n 200 0.9 0.2 0.12 0.12 20 A 0.25
2 GT2/CHL4s.pbm 3600 n 200 0.9 0.2 0.12 0.12 20 A 0.25
2 GT2/CHL4s.pbm 3600 n 200 0.9 0.2 0.12 0.12 20 A 0.25
2 GT2/CHL4s.pbm 3600 n 200 0.9 0.2 0.12 0.12 20 A 0.25
2 GT2/CHL4s.pbm 3600 n 200 0.9 0.2 0.12 0.12 20 A 0.25
2 GT2/CHL4s.pbm 3600 n 200 0.9 0.2 0.12 0.12 20 A 0.25
2 GT2/CHL4s.pbm 3600 n 200 0.9 0.2 0.12 0.12 20 A 0.25
2 GT2/CHL4s.pbm 3600 n 200 0.9 0.2 0.12 0.12 20 A 0.25
2 GT2/CHL5.pbm 3600 n 200 0.9 0.2 0.12 0.12 20 A 0.25
2 GT2/CHL5.pbm 3600 n 200 0.9 0.2 0.12 0.12 20 A 0.25
2 GT2/CHL5.pbm 3600 n 200 0.9 0.2 0.12 0.12 20 A 0.25
2 GT2/CHL5.pbm 3600 n 200 0.9 0.2 0.12 0.12 20 A 0.25
2 GT2/CHL5.pbm 3600 n 200 0.9 0.2 0.12 0.12 20 A 0.25
2 GT2/CHL5.pbm 3600 n 200 0.9 0.2 0.12 0.12 20 A 0.25
2 GT2/CHL5.pbm 3600 n 200 0.9 0.2 0.12 0.12 20 A 0.25
2 GT2/CHL5.pbm 3600 n 200 0.9 0.2 0.12 0.12 20 A 0.25
2 GT2/CHL5.pbm 3600 n 200 0.9 0.2 0.12 0.12 20 A 0.25
2 GT2/CHL5.pbm 3600 n 200 0.9 0.2 0.12 0.12 20 A 0.25
2 GT2/CHL6.pbm 3600 n 200 0.9 0.2 0.12 0.12 20 A 0.25
2 GT2/CHL6.pbm 3600 n 200 0.9 0.2 0.12 0.12 20 A 0.25
2 GT2/CHL6.pbm 3600 n 200 0.9 0.2 0.12 0.12 20 A 0.25
2 GT2/CHL6.pbm 3600 n 200 0.9 0.2 0.12 0.12 20 A 0.25
2 GT2/CHL6.pbm 3600 n 200 0.9 0.2 0.12 0.12 20 A 0.25
2 GT2/CHL6.pbm 3600 n 200 0.9 0.2 0.12 0.12 20 A 0.25
2 GT2/CHL6.pbm 3600 n 200 0.9 0.2 0.12 0.12 20 A 0.25
2 GT2/CHL6.pbm 3600 n 200 0.9 0.2 0.12 0.12 20 A 0.25
2 GT2/CHL6.pbm 3600 n 200 0.9 0.2 0.12 0.12 20 A 0.25
2 GT2/CHL6.pbm 3600 n 200 0.9 0.2 0.12 0.12 20 A 0.25
2 GT2/CHL7.pbm 3600 n 200 0.9 0.2 0.12 0.12 20 A 0.25
2 GT2/CHL7.pbm 3600 n 200 0.9 0.2 0.12 0.12 20 A 0.25
2 GT2/CHL7.pbm 3600 n 200 0.9 0.2 0.12 0.12 20 A 0.25
2 GT2/CHL7.pbm 3600 n 200 0.9 0.2 0.12 0.12 20 A 0.25
2 GT2/CHL7.pbm 3600 n 200 0.9 0.2 0.12 0.12 20 A 0.25
2 GT2/CHL7.pbm 3600 n 200 0.9 0.2 0.12 0.12 20 A 0.25
2 GT2/CHL7.pbm 3600 n 200 0.9 0.2 0.12 0.12 20 A 0.25
2 GT2/CHL7.pbm 3600 n 200 0.9 0.2 0.12 0.12 20 A 0.25
2 GT2/CHL7.pbm 3600 n 200 0.9 0.2 0.12 0.12 20 A 0.25
2 GT2/CHL7.pbm 3600 n 200 0.9 0.2 0.12 0.12 20 A 0.25
2 GT2/Hchl1.pbm 3600 n 200 0.9 0.2 0.12 0.12 20 A 0.25
2 GT2/Hchl1.pbm 3600 n 200 0.9 0.2 0.12 0.12 20 A 0.25
2 GT2/Hchl1.pbm 3600 n 200 0.9 0.2 0.12 0.12 20 A 0.25
2 GT2/Hchl1.pbm 3600 n 200 0.9 0.2 0.12 0.12 20 A 0.25
2 GT2/Hchl1.pbm 3600 n 200 0.9 0.2 0.12 0.12 20 A 0.25
2 GT2/Hchl1.pbm 3600 n 200 0.9 0.2 0.12 0.12 20 A 0.25
2 GT2/Hchl1.pbm 3600 n 200 0.9 0.2 0.12 0.12 20 A 0.25
2 GT2/Hchl1.pbm 3600 n 200 0.9 0.2 0.12 0.12 20 A 0.25
2 GT2/Hchl1.pbm 3600 n 200 0.9 0.2 0.12 0.12 20 A 0.25
2 GT2/Hchl1.pbm 3600 n 200 0.9 0.2 0.12 0.12 20 A 0.25
2 GT2/Hchl2.pbm 3600 n 200 0.9 0.2 0.12 0.12 20 A 0.25
2 GT2/Hchl2.pbm 3600 n 200 0.9 0.2 0.12 0.12 20 A 0.25
2 GT2/Hchl2.pbm 3600 n 200 0.9 0.2 0.12 0.12 20 A 0.25
2 GT2/Hchl2.pbm 3600 n 200 0.9 0.2 0.12 0.12 20 A 0.25
2 GT2/Hchl2.pbm 3600 n 200 0.9 0.2 0.12 0.12 20 A 0.25
2 GT2/Hchl2.pbm 3600 n 200 0.9 0.2 0.12 0.12 20 A 0.25
2 GT2/Hchl2.pbm 3600 n 200 0.9 0.2 0.12 0.12 20 A 0.25
2 GT2/Hchl2.pbm 3600 n 200 0.9 0.2 0.12 0.12 20 A 0.25
2 GT2/Hchl2.pbm 3600 n 200 0.9 0.2 0.12 0.12 20 A 0.25
2 GT2/Hchl2.pbm 3600 n 200 0.9 0.2 0.12 0.12 20 A 0.25
2 GT2/Hchl3s.pbm 3600 n 200 0.9 0.2 0.12 0.12 20 A 0.25
2 GT2/Hchl3s.pbm 3600 n 200 0.9 0.2 0.12 0.12 20 A 0.25
2 GT2/Hchl3s.pbm 3600 n 200 0.9 0.2 0.12 0.12 20 A 0.25
2 GT2/Hchl3s.pbm 3600 n 200 0.9 0.2 0.12 0.12 20 A 0.25
2 GT2/Hchl3s.pbm 3600 n 200 0.9 0.2 0.12 0.12 20 A 0.25
2 GT2/Hchl3s.pbm 3600 n 200 0.9 0.2 0.12 0.12 20 A 0.25
2 GT2/Hchl3s.pbm 3600 n 200 0.9 0.2 0.12 0.12 20 A 0.25
2 GT2/Hchl3s.pbm 3600 n 200 0.9 0.2 0.12 0.12 20 A 0.25
2 GT2/Hchl3s.pbm 3600 n 200 0.9 0.2 0.12 0.12 20 A 0.25
2 GT2/Hchl3s.pbm 3600 n 200 0.9 0.2 0.12 0.12 20 A 0.25
2 GT2/Hchl4s.pbm 3600 n 200 0.9 0.2 0.12 0.12 20 A 0.25
2 GT2/Hchl4s.pbm 3600 n 200 0.9 0.2 0.12 0.12 20 A 0.25
2 GT2/Hchl4s.pbm 3600 n 200 0.9 0.2 0.12 0.12 20 A 0.25
2 GT2/Hchl4s.pbm 3600 n 200 0.9 0.2 0.12 0.12 20 A 0.25
2 GT2/Hchl4s.pbm 3600 n 200 0.9 0.2 0.12 0.12 20 A 0.25
2 GT2/Hchl4s.pbm 3600 n 200 0.9 0.2 0.12 0.12 20 A 0.25
2 GT2/Hchl4s.pbm 3600 n 200 0.9 0.2 0.12 0.12 20 A 0.25
2 GT2/Hchl4s.pbm 3600 n 200 0.9 0.2 0.12 0.12 20 A 0.25
2 GT2/Hchl4s.pbm 3600 n 200 0.9 0.2 0.12 0.12 20 A 0.25
2 GT2/Hchl4s.pbm 3600 n 200 0.9 0.2 0.12 0.12 20 A 0.25
2 GT2/Hchl5s.pbm 3600 n 200 0.9 0.2 0.12 0.12 20 A 0.25
2 GT2/Hchl5s.pbm 3600 n 200 0.9 0.2 0.12 0.12 20 A 0.25
2 GT2/Hchl5s.pbm 3600 n 200 0.9 0.2 0.12 0.12 20 A 0.25
2 GT2/Hchl5s.pbm 3600 n 200 0.9 0.2 0.12 0.12 20 A 0.25
2 GT2/Hchl5s.pbm 3600 n 200 0.9 0.2 0.12 0.12 20 A 0.25
2 GT2/Hchl5s.pbm 3600 n 200 0.9 0.2 0.12 0.12 20 A 0.25
2 GT2/Hchl5s.pbm 3600 n 200 0.9 0.2 0.12 0.12 20 A 0.25
2 GT2/Hchl5s.pbm 3600 n 200 0.9 0.2 0.12 0.12 20 A 0.25
2 GT2/Hchl5s.pbm 3600 n 200 0.9 0.2 0.12 0.12 20 A 0.25
2 GT2/Hchl5s.pbm 3600 n 200 0.9 0.2 0.12 0.12 20 A 0.25
2 GT2/Hchl6s.pbm 3600 n 200 0.9 0.2 0.12 0.12 20 A 0.25
2 GT2/Hchl6s.pbm 3600 n 200 0.9 0.2 0.12 0.12 20 A 0.25
2 GT2/Hchl6s.pbm 3600 n 200 0.9 0.2 0.12 0.12 20 A 0.25
2 GT2/Hchl6s.pbm 3600 n 200 0.9 0.2 0.12 0.12 20 A 0.25
2 GT2/Hchl6s.pbm 3600 n 200 0.9 0.2 0.12 0.12 20 A 0.25
2 GT2/Hchl6s.pbm 3600 n 200 0.9 0.2 0.12 0.12 20 A 0.25
2 GT2/Hchl6s.pbm 3600 n 200 0.9 0.2 0.12 0.12 20 A 0.25
2 GT2/Hchl6s.pbm 3600 n 200 0.9 0.2 0.12 0.12 20 A 0.25
2 GT2/Hchl6s.pbm 3600 n 200 0.9 0.2 0.12 0.12 20 A 0.25
2 GT2/Hchl6s.pbm 3600 n 200 0.9 0.2 0.12 0.12 20 A 0.25
2 GT2/Hchl7s.pbm 3600 n 200 0.9 0.2 0.12 0.12 20 A 0.25
2 GT2/Hchl7s.pbm 3600 n 200 0.9 0.2 0.12 0.12 20 A 0.25
2 GT2/Hchl7s.pbm 3600 n 200 0.9 0.2 0.12 0.12 20 A 0.25
2 GT2/Hchl7s.pbm 3600 n 200 0.9 0.2 0.12 0.12 20 A 0.25
2 GT2/Hchl7s.pbm 3600 n 200 0.9 0.2 0.12 0.12 20 A 0.25
2 GT2/Hchl7s.pbm 3600 n 200 0.9 0.2 0.12 0.12 20 A 0.25
2 GT2/Hchl7s.pbm 3600 n 200 0.9 0.2 0.12 0.12 20 A 0.25
2 GT2/Hchl7s.pbm 3600 n 200 0.9 0.2 0.12 0.12 20 A 0.25
2 GT2/Hchl7s.pbm 3600 n 200 0.9 0.2 0.12 0.12 20 A 0.25
2 GT2/Hchl7s.pbm 3600 n 200 0.9 0.2 0.12 0.12 20 A 0.25
2 GT2/Hchl8s.pbm 3600 n 200 0.9 0.2 0.12 0.12 20 A 0.25
2 GT2/Hchl8s.pbm 3600 n 200 0.9 0.2 0.12 0.12 20 A 0.25
2 GT2/Hchl8s.pbm 3600 n 200 0.9 0.2 0.12 0.12 20 A 0.25
2 GT2/Hchl8s.pbm 3600 n 200 0.9 0.2 0.12 0.12 20 A 0.25
2 GT2/Hchl8s.pbm 3600 n 200 0.9 0.2 0.12 0.12 20 A 0.25
2 GT2/Hchl8s.pbm 3600 n 200 0.9 0.2 0.12 0.12 20 A 0.25
2 GT2/Hchl8s.pbm 3600 n 200 0.9 0.2 0.12 0.12 20 A 0.25
2 GT2/Hchl8s.pbm 3600 n 200 0.9 0.2 0.12 0.12 20 A 0.25
2 GT2/Hchl8s.pbm 3600 n 200 0.9 0.2 0.12 0.12 20 A 0.25
2 GT2/Hchl8s.pbm 3600 n 200 0.9 0.2 0.12 0.12 20 A 0.25
2 GT2/Hchl9.pbm 3600 n 200 0.9 0.2 0.12 0.12 20 A 0.25
2 GT2/Hchl9.pbm 3600 n 200 0.9 0.2 0.12 0.12 20 A 0.25
2 GT2/Hchl9.pbm 3600 n 200 0.9 0.2 0.12 0.12 20 A 0.25
2 GT2/Hchl9.pbm 3600 n 200 0.9 0.2 0.12 0.12 20 A 0.25
2 GT2/Hchl9.pbm 3600 n 200 0.9 0.2 0.12 0.12 20 A 0.25
2 GT2/Hchl9.pbm 3600 n 200 0.9 0.2 0.12 0.12 20 A 0.25
2 GT2/Hchl9.pbm 3600 n 200 0.9 0.2 0.12 0.12 20 A 0.25
2 GT2/Hchl9.pbm 3600 n 200 0.9 0.2 0.12 0.12 20 A 0.25
2 GT2/Hchl9.pbm 3600 n 200 0.9 0.2 0.12 0.12 20 A 0.25
2 GT2/Hchl9.pbm 3600 n 200 0.9 0.2 0.12 0.12 20 A 0.25
2 GT2/P2S.pbm 3600 n 200 0.9 0.2 0.12 0.12 20 A 0.25
2 GT2/P2S.pbm 3600 n 200 0.9 0.2 0.12 0.12 20 A 0.25
2 GT2/P2S.pbm 3600 n 200 0.9 0.2 0.12 0.12 20 A 0.25
2 GT2/P2S.pbm 3600 n 200 0.9 0.2 0.12 0.12 20 A 0.25
2 GT2/P2S.pbm 3600 n 200 0.9 0.2 0.12 0.12 20 A 0.25
2 GT2/P2S.pbm 3600 n 200 0.9 0.2 0.12 0.12 20 A 0.25
2 GT2/P2S.pbm 3600 n 200 0.9 0.2 0.12 0.12 20 A 0.25
2 GT2/P2S.pbm 3600 n 200 0.9 0.2 0.12 0.12 20 A 0.25
2 GT2/P2S.pbm 3600 n 200 0.9 0.2 0.12 0.12 20 A 0.25
2 GT2/P2S.pbm 3600 n 200 0.9 0.2 0.12 0.12 20 A 0.25
2 GT2/P3S.pbm 3600 n 200 0.9 0.2 0.12 0.12 20 A 0.25
2 GT2/P3S.pbm 3600 n 200 0.9 0.2 0.12 0.12 20 A 0.25
2 GT2/P3S.pbm 3600 n 200 0.9 0.2 0.12 0.12 20 A 0.25
2 GT2/P3S.pbm 3600 n 200 0.9 0.2 0.12 0.12 20 A 0.25
2 GT2/P3S.pbm 3600 n 200 0.9 0.2 0.12 0.12 20 A 0.25
2 GT2/P3S.pbm 3600 n 200 0.9 0.2 0.12 0.12 20 A 0.25
2 GT2/P3S.pbm 3600 n 200 0.9 0.2 0.12 0.12 20 A 0.25
2 GT2/P3S.pbm 3600 n 200 0.9 0.2 0.12 0.12 20 A 0.25
2 GT2/P3S.pbm 3600 n 200 0.9 0.2 0.12 0.12 20 A 0.25
2 GT2/P3S.pbm 3600 n 200 0.9 0.2 0.12 0.12 20 A 0.25
2 GT2/STS2s.pbm 3600 n 200 0.9 0.2 0.12 0.12 20 A 0.25
2 GT2/STS2s.pbm 3600 n 200 0.9 0.2 0.12 0.12 20 A 0.25
2 GT2/STS2s.pbm 3600 n 200 0.9 0.2 0.12 0.12 20 A 0.25
2 GT2/STS2s.pbm 3600 n 200 0.9 0.2 0.12 0.12 20 A 0.25
2 GT2/STS2s.pbm 3600 n 200 0.9 0.2 0.12 0.12 20 A 0.25
2 GT2/STS2s.pbm 3600 n 200 0.9 0.2 0.12 0.12 20 A 0.25
2 GT2/STS2s.pbm 3600 n 200 0.9 0.2 0.12 0.12 20 A 0.25
2 GT2/STS2s.pbm 3600 n 200 0.9 0.2 0.12 0.12 20 A 0.25
2 GT2/STS2s.pbm 3600 n 200 0.9 0.2 0.12 0.12 20 A 0.25
2 GT2/STS2s.pbm 3600 n 200 0.9 0.2 0.12 0.12 20 A 0.25
2 GT2/STS4s.pbm 3600 n 200 0.9 0.2 0.12 0.12 20 A 0.25
2 GT2/STS4s.pbm 3600 n 200 0.9 0.2 0.12 0.12 20 A 0.25
2 GT2/STS4s.pbm 3600 n 200 0.9 0.2 0.12 0.12 20 A 0.25
2 GT2/STS4s.pbm 3600 n 200 0.9 0.2 0.12 0.12 20 A 0.25
2 GT2/STS4s.pbm 3600 n 200 0.9 0.2 0.12 0.12 20 A 0.25
2 GT2/STS4s.pbm 3600 n 200 0.9 0.2 0.12 0.12 20 A 0.25
2 GT2/STS4s.pbm 3600 n 200 0.9 0.2 0.12 0.12 20 A 0.25
2 GT2/STS4s.pbm 3600 n 200 0.9 0.2 0.12 0.12 20 A 0.25
2 GT2/STS4s.pbm 3600 n 200 0.9 0.2 0.12 0.12 20 A 0.25
2 GT2/STS4s.pbm 3600 n 200 0.9 0.2 0.12 0.12 20 A 0.25