2 GT3/APT30.pbm 3600 n 200 0.9 0.2 0.12 0.12 20 A 0.25
2 GT3/APT30.pbm 3600 n 200 0.9 0.2 0.12 0.12 20 A 0.25
2 GT3/APT30.pbm 3600 n 200 0.9 0.2 0.12 0.12 20 A 0.25
2 GT3/APT30.pbm 3600 n 200 0.9 0.2 0.12 0.12 20 A 0.25
2 GT3/APT30.pbm 3600 n 200 0.9 0.2 0.12 0.12 20 A 0.25
2 GT3/APT30.pbm 3600 n 200 0.9 0.2 0.12 0.12 20 A 0.25
2 GT3/APT30.pbm 3600 n 200 0.9 0.2 0.12 0.12 20 A 0.25
2 GT3/APT30.pbm 3600 n 200 0.9 0.2 0.12 0.12 20 A 0.25
2 GT3/APT30.pbm 3600 n 200 0.9 0.2 0.12 0.12 20 A 0.25
2 GT3/APT30.pbm 3600 n 200 0.9 0.2 0.12 0.12 20 A 0.25
2 GT3/APT31.pbm 3600 n 200 0.9 0.2 0.12 0.12 20 A 0.25
2 GT3/APT31.pbm 3600 n 200 0.9 0.2 0.12 0.12 20 A 0.25
2 GT3/APT31.pbm 3600 n 200 0.9 0.2 0.12 0.12 20 A 0.25
2 GT3/APT31.pbm 3600 n 200 0.9 0.2 0.12 0.12 20 A 0.25
2 GT3/APT31.pbm 3600 n 200 0.9 0.2 0.12 0.12 20 A 0.25
2 GT3/APT31.pbm 3600 n 200 0.9 0.2 0.12 0.12 20 A 0.25
2 GT3/APT31.pbm 3600 n 200 0.9 0.2 0.12 0.12 20 A 0.25
2 GT3/APT31.pbm 3600 n 200 0.9 0.2 0.12 0.12 20 A 0.25
2 GT3/APT31.pbm 3600 n 200 0.9 0.2 0.12 0.12 20 A 0.25
2 GT3/APT31.pbm 3600 n 200 0.9 0.2 0.12 0.12 20 A 0.25
2 GT3/APT32.pbm 3600 n 200 0.9 0.2 0.12 0.12 20 A 0.25
2 GT3/APT32.pbm 3600 n 200 0.9 0.2 0.12 0.12 20 A 0.25
2 GT3/APT32.pbm 3600 n 200 0.9 0.2 0.12 0.12 20 A 0.25
2 GT3/APT32.pbm 3600 n 200 0.9 0.2 0.12 0.12 20 A 0.25
2 GT3/APT32.pbm 3600 n 200 0.9 0.2 0.12 0.12 20 A 0.25
2 GT3/APT32.pbm 3600 n 200 0.9 0.2 0.12 0.12 20 A 0.25
2 GT3/APT32.pbm 3600 n 200 0.9 0.2 0.12 0.12 20 A 0.25
2 GT3/APT32.pbm 3600 n 200 0.9 0.2 0.12 0.12 20 A 0.25
2 GT3/APT32.pbm 3600 n 200 0.9 0.2 0.12 0.12 20 A 0.25
2 GT3/APT32.pbm 3600 n 200 0.9 0.2 0.12 0.12 20 A 0.25
2 GT3/APT33.pbm 3600 n 200 0.9 0.2 0.12 0.12 20 A 0.25
2 GT3/APT33.pbm 3600 n 200 0.9 0.2 0.12 0.12 20 A 0.25
2 GT3/APT33.pbm 3600 n 200 0.9 0.2 0.12 0.12 20 A 0.25
2 GT3/APT33.pbm 3600 n 200 0.9 0.2 0.12 0.12 20 A 0.25
2 GT3/APT33.pbm 3600 n 200 0.9 0.2 0.12 0.12 20 A 0.25
2 GT3/APT33.pbm 3600 n 200 0.9 0.2 0.12 0.12 20 A 0.25
2 GT3/APT33.pbm 3600 n 200 0.9 0.2 0.12 0.12 20 A 0.25
2 GT3/APT33.pbm 3600 n 200 0.9 0.2 0.12 0.12 20 A 0.25
2 GT3/APT33.pbm 3600 n 200 0.9 0.2 0.12 0.12 20 A 0.25
2 GT3/APT33.pbm 3600 n 200 0.9 0.2 0.12 0.12 20 A 0.25
2 GT3/APT34.pbm 3600 n 200 0.9 0.2 0.12 0.12 20 A 0.25
2 GT3/APT34.pbm 3600 n 200 0.9 0.2 0.12 0.12 20 A 0.25
2 GT3/APT34.pbm 3600 n 200 0.9 0.2 0.12 0.12 20 A 0.25
2 GT3/APT34.pbm 3600 n 200 0.9 0.2 0.12 0.12 20 A 0.25
2 GT3/APT34.pbm 3600 n 200 0.9 0.2 0.12 0.12 20 A 0.25
2 GT3/APT34.pbm 3600 n 200 0.9 0.2 0.12 0.12 20 A 0.25
2 GT3/APT34.pbm 3600 n 200 0.9 0.2 0.12 0.12 20 A 0.25
2 GT3/APT34.pbm 3600 n 200 0.9 0.2 0.12 0.12 20 A 0.25
2 GT3/APT34.pbm 3600 n 200 0.9 0.2 0.12 0.12 20 A 0.25
2 GT3/APT34.pbm 3600 n 200 0.9 0.2 0.12 0.12 20 A 0.25
2 GT3/APT35.pbm 3600 n 200 0.9 0.2 0.12 0.12 20 A 0.25
2 GT3/APT35.pbm 3600 n 200 0.9 0.2 0.12 0.12 20 A 0.25
2 GT3/APT35.pbm 3600 n 200 0.9 0.2 0.12 0.12 20 A 0.25
2 GT3/APT35.pbm 3600 n 200 0.9 0.2 0.12 0.12 20 A 0.25
2 GT3/APT35.pbm 3600 n 200 0.9 0.2 0.12 0.12 20 A 0.25
2 GT3/APT35.pbm 3600 n 200 0.9 0.2 0.12 0.12 20 A 0.25
2 GT3/APT35.pbm 3600 n 200 0.9 0.2 0.12 0.12 20 A 0.25
2 GT3/APT35.pbm 3600 n 200 0.9 0.2 0.12 0.12 20 A 0.25
2 GT3/APT35.pbm 3600 n 200 0.9 0.2 0.12 0.12 20 A 0.25
2 GT3/APT35.pbm 3600 n 200 0.9 0.2 0.12 0.12 20 A 0.25
2 GT3/APT36.pbm 3600 n 200 0.9 0.2 0.12 0.12 20 A 0.25
2 GT3/APT36.pbm 3600 n 200 0.9 0.2 0.12 0.12 20 A 0.25
2 GT3/APT36.pbm 3600 n 200 0.9 0.2 0.12 0.12 20 A 0.25
2 GT3/APT36.pbm 3600 n 200 0.9 0.2 0.12 0.12 20 A 0.25
2 GT3/APT36.pbm 3600 n 200 0.9 0.2 0.12 0.12 20 A 0.25
2 GT3/APT36.pbm 3600 n 200 0.9 0.2 0.12 0.12 20 A 0.25
2 GT3/APT36.pbm 3600 n 200 0.9 0.2 0.12 0.12 20 A 0.25
2 GT3/APT36.pbm 3600 n 200 0.9 0.2 0.12 0.12 20 A 0.25
2 GT3/APT36.pbm 3600 n 200 0.9 0.2 0.12 0.12 20 A 0.25
2 GT3/APT36.pbm 3600 n 200 0.9 0.2 0.12 0.12 20 A 0.25
2 GT3/APT37.pbm 3600 n 200 0.9 0.2 0.12 0.12 20 A 0.25
2 GT3/APT37.pbm 3600 n 200 0.9 0.2 0.12 0.12 20 A 0.25
2 GT3/APT37.pbm 3600 n 200 0.9 0.2 0.12 0.12 20 A 0.25
2 GT3/APT37.pbm 3600 n 200 0.9 0.2 0.12 0.12 20 A 0.25
2 GT3/APT37.pbm 3600 n 200 0.9 0.2 0.12 0.12 20 A 0.25
2 GT3/APT37.pbm 3600 n 200 0.9 0.2 0.12 0.12 20 A 0.25
2 GT3/APT37.pbm 3600 n 200 0.9 0.2 0.12 0.12 20 A 0.25
2 GT3/APT37.pbm 3600 n 200 0.9 0.2 0.12 0.12 20 A 0.25
2 GT3/APT37.pbm 3600 n 200 0.9 0.2 0.12 0.12 20 A 0.25
2 GT3/APT37.pbm 3600 n 200 0.9 0.2 0.12 0.12 20 A 0.25
2 GT3/APT38.pbm 3600 n 200 0.9 0.2 0.12 0.12 20 A 0.25
2 GT3/APT38.pbm 3600 n 200 0.9 0.2 0.12 0.12 20 A 0.25
2 GT3/APT38.pbm 3600 n 200 0.9 0.2 0.12 0.12 20 A 0.25
2 GT3/APT38.pbm 3600 n 200 0.9 0.2 0.12 0.12 20 A 0.25
2 GT3/APT38.pbm 3600 n 200 0.9 0.2 0.12 0.12 20 A 0.25
2 GT3/APT38.pbm 3600 n 200 0.9 0.2 0.12 0.12 20 A 0.25
2 GT3/APT38.pbm 3600 n 200 0.9 0.2 0.12 0.12 20 A 0.25
2 GT3/APT38.pbm 3600 n 200 0.9 0.2 0.12 0.12 20 A 0.25
2 GT3/APT38.pbm 3600 n 200 0.9 0.2 0.12 0.12 20 A 0.25
2 GT3/APT38.pbm 3600 n 200 0.9 0.2 0.12 0.12 20 A 0.25
2 GT3/APT39.pbm 3600 n 200 0.9 0.2 0.12 0.12 20 A 0.25
2 GT3/APT39.pbm 3600 n 200 0.9 0.2 0.12 0.12 20 A 0.25
2 GT3/APT39.pbm 3600 n 200 0.9 0.2 0.12 0.12 20 A 0.25
2 GT3/APT39.pbm 3600 n 200 0.9 0.2 0.12 0.12 20 A 0.25
2 GT3/APT39.pbm 3600 n 200 0.9 0.2 0.12 0.12 20 A 0.25
2 GT3/APT39.pbm 3600 n 200 0.9 0.2 0.12 0.12 20 A 0.25
2 GT3/APT39.pbm 3600 n 200 0.9 0.2 0.12 0.12 20 A 0.25
2 GT3/APT39.pbm 3600 n 200 0.9 0.2 0.12 0.12 20 A 0.25
2 GT3/APT39.pbm 3600 n 200 0.9 0.2 0.12 0.12 20 A 0.25
2 GT3/APT39.pbm 3600 n 200 0.9 0.2 0.12 0.12 20 A 0.25